ProbandID,father_dnm,mother_dnm,father_age,mother_age
675,51,19,31,36
1097,26,12,19,19
1230,42,12,30,28
1481,53,14,32,20
1806,61,11,38,34
2280,63,9,38,20
3190,40,11,35,25
3212,43,7,23,19
3450,42,11,25,22
3578,36,5,23,20
3723,61,9,32,30
4131,39,17,26,23
5116,50,9,31,21
5410,52,16,27,18
5494,53,9,27,25
5512,41,9,30,22
6160,59,7,32,23
6865,55,13,22,18
7017,65,11,46,28
8147,78,27,40,33
8185,66,10,37,31
9165,52,10,34,32
9737,69,20,36,35
9975,47,9,27,28
10676,42,17,22,22
11120,68,14,32,32
12646,65,15,31,28
13191,78,31,44,37
13542,59,8,28,30
13841,38,4,19,18
13990,25,7,16,17
14522,45,12,26,23
14991,42,28,21,21
15247,61,11,36,36
15660,79,12,51,43
15690,46,11,26,21
15789,32,13,20,21
16872,42,11,26,22
17885,37,11,27,22
17904,60,18,34,35
18230,53,24,34,26
18689,50,12,30,23
19715,40,9,27,25
20240,78,22,47,42
20287,38,16,23,22
20532,52,11,27,29
20544,61,18,26,27
21286,64,21,34,33
21720,32,8,22,17
21762,50,11,32,24
22442,45,12,35,26
22818,86,21,43,39
22968,47,6,22,19
22996,35,7,18,20
23060,42,7,21,19
23077,38,7,25,22
23731,53,19,29,39
23930,62,9,40,30
24034,53,20,37,41
24108,43,8,30,30
24464,66,7,30,26
24771,40,12,29,21
25400,64,8,28,19
26268,49,11,35,29
26568,46,8,34,29
26618,68,16,38,38
26864,46,4,34,30
27281,36,6,25,23
27915,55,15,25,25
28795,53,17,26,26
29195,59,21,41,37
29374,56,12,39,36
29485,41,13,24,23
29678,27,11,21,21
29874,74,28,40,33
30366,77,17,35,30
30371,53,15,32,30
30554,58,13,39,33
31830,47,7,25,22
31985,41,12,23,19
32514,74,26,40,31
33711,44,14,33,26
33816,40,16,35,35
34136,60,11,47,40
34291,58,21,42,40
34318,47,9,35,32
34697,36,14,23,22
34744,47,13,23,23
35417,30,12,22,21
35452,43,9,26,22
35505,84,16,49,37
35677,56,18,36,28
36080,47,17,33,33
36195,44,6,32,29
36430,25,16,35,26
36485,44,7,32,19
36736,44,11,22,21
37122,69,6,36,32
37653,54,15,30,23
37654,33,13,25,30
37789,17,3,19,19
39503,73,12,36,30
39729,32,15,25,18
40768,69,10,45,38
40908,47,22,29,22
40959,62,8,35,30
44178,54,7,30,23
44982,72,12,34,26
45739,49,10,27,27
45976,44,14,29,27
46025,40,11,21,23
46411,40,18,27,29
46877,36,6,25,21
47320,44,9,33,31
47492,68,13,30,29
48073,63,8,31,21
48340,51,8,28,26
49333,55,13,24,21
49640,46,10,24,20
50034,53,26,30,30
50375,32,9,23,22
50382,41,13,26,28
51962,40,14,26,21
52549,42,14,30,24
52666,34,12,19,19
53186,81,10,48,32
54383,62,10,39,32
54593,67,10,40,37
54944,46,12,25,21
55279,44,11,23,24
55462,82,18,45,35
55513,49,18,36,33
56354,46,15,32,25
57204,45,9,30,33
57278,72,22,46,44
57717,66,19,32,33
57832,56,12,34,35
58242,55,17,31,36
59148,30,14,23,21
59380,58,14,28,24
59382,38,12,23,30
59395,44,8,22,20
59446,52,9,28,26
59721,29,11,18,18
60473,59,14,36,34
60643,60,13,36,28
61600,49,16,35,33
61747,38,14,20,29
62121,79,20,51,42
62377,40,16,29,30
62630,28,5,23,20
62905,38,11,27,27
63768,60,14,41,38
64166,88,16,41,40
64325,65,24,32,34
64417,35,5,24,22
64744,47,9,27,27
65142,67,16,35,33
65385,57,12,33,20
66084,48,12,31,28
66987,62,14,40,33
67028,31,7,23,25
67245,29,11,25,23
70264,38,6,24,19
70509,44,16,33,33
70975,61,21,32,26
71609,52,10,30,20
71735,52,7,36,28
71851,54,13,34,32
72365,58,9,30,21
72669,45,11,34,27
74320,70,19,44,41
74349,53,12,33,27
76145,44,11,27,26
76323,77,13,44,38
76504,27,5,19,17
77835,50,11,37,27
78192,69,16,33,28
78500,54,10,30,21
78675,47,9,22,17
79155,46,10,30,23
79709,72,6,43,33
79866,57,8,32,29
80108,44,7,22,24
80405,52,12,31,31
80577,50,13,27,22
80905,75,14,46,44
81371,55,11,32,28
82362,49,12,28,30
83148,76,17,41,38
83165,66,13,37,32
83256,30,12,19,18
83335,51,9,44,34
83353,34,15,26,24
83632,49,12,25,24
83989,41,20,26,26
84228,51,20,34,33
84490,47,14,23,21
84737,58,18,39,36
84749,61,19,29,30
85117,62,14,41,35
85432,57,14,33,29
86349,59,8,34,32
86822,53,5,25,27
86863,61,21,22,26
86868,43,7,27,29
87089,64,21,40,38
87422,61,14,34,28
88246,87,25,56,46
89833,65,17,51,39
90450,55,14,40,30
91198,55,6,28,24
91258,64,23,29,31
91410,111,10,51,34
91585,43,12,24,23
91606,37,9,20,19
91671,49,12,28,28
92192,68,14,38,39
92501,49,14,27,26
92812,80,18,54,43
93058,57,13,29,26
93086,43,4,28,20
93229,45,12,22,19
93758,42,12,25,22
94024,43,11,25,21
94281,50,11,30,27
94946,51,14,22,20
96106,33,9,26,28
96471,52,8,27,25
96520,42,11,26,26
96717,34,19,31,26
97566,39,10,33,25
97789,39,13,26,25
98228,67,10,46,36
98306,45,11,24,22
98572,71,15,41,38
98860,47,10,30,29
99197,38,10,20,18
99379,38,8,24,21
99383,44,9,21,18
99703,43,11,23,16
99731,49,10,30,28
99776,66,10,39,36
99872,52,11,38,33
99984,91,12,51,41
100770,72,12,41,33
101199,70,16,29,30
101332,55,30,37,33
102060,53,8,25,22
102313,55,28,30,35
102727,77,14,39,32
103818,45,17,20,22
104333,46,15,37,34
104502,57,11,29,22
104596,42,12,22,20
104665,42,18,24,22
105754,67,11,36,33
105768,43,18,32,22
105780,64,15,38,30
106024,39,8,25,21
106140,53,12,21,22
106703,34,4,23,23
107187,50,15,35,33
107328,77,8,55,31
108593,50,6,21,18
108663,40,14,27,24
109047,45,13,26,22
109291,58,13,25,25
109382,35,7,22,21
109551,45,8,30,22
109597,67,15,50,45
110516,59,28,26,28
110669,53,8,27,22
110795,58,11,38,26
110977,67,22,48,36
111214,46,12,29,26
111288,93,21,53,44
111528,43,15,24,22
111782,38,9,21,21
112236,65,14,41,34
112510,55,16,30,28
112917,76,32,42,41
113149,38,7,22,21
113248,43,16,21,26
113829,41,3,25,23
114042,28,13,26,24
114094,98,22,51,44
114111,61,14,35,27
114170,78,14,37,28
114364,56,13,33,28
114509,64,12,32,28
114950,53,7,21,23
115094,34,6,20,18
115299,63,10,38,34
116078,46,9,31,31
116498,50,8,27,23
116651,47,14,32,30
116676,40,8,31,27
117135,57,11,36,24
117154,53,10,38,31
117473,52,18,34,31
117628,40,4,26,24
119265,42,14,24,23
119476,52,6,22,21
119700,44,15,30,29
119719,67,17,38,34
119874,39,9,21,21
120117,34,13,26,23
120192,50,13,27,21
120516,54,25,36,40
120711,51,13,27,24
121087,36,1,18,17
121115,64,10,31,22
121496,47,11,24,24
121649,34,12,24,23
121650,37,13,21,19
122411,49,10,32,30
122976,42,14,29,27
123466,46,4,27,21
123888,53,10,36,27
124112,43,13,23,28
124437,33,10,20,19
124800,60,12,41,31
124887,65,6,37,35
125046,38,24,22,20
126045,68,26,52,40
127416,46,10,30,20
127678,38,12,25,23
128158,54,8,21,19
128636,62,8,27,21
129752,57,15,20,19
129865,51,13,30,25
130319,63,10,23,20
130437,54,14,27,27
130461,37,8,20,23
130614,43,3,27,20
130728,45,11,36,28
130739,44,10,24,18
130799,50,8,33,23
130811,38,11,21,28
131854,48,7,31,19
132315,41,6,23,22
132388,43,10,23,20
132716,41,13,23,22
133117,39,19,27,22
133493,40,8,26,27
134433,70,14,29,31
134503,53,11,26,26
134690,54,14,35,35
134903,54,17,35,29
135450,40,13,28,23
135652,63,12,37,23
136092,58,10,32,29
136238,57,8,30,26
136354,49,12,24,22
137081,59,10,30,25
137443,83,14,52,37
137878,42,4,29,22
138408,56,19,37,26
139342,41,16,24,23
139512,48,11,37,32
139667,57,15,36,33
141153,65,9,30,28
141173,54,18,29,23
141237,64,24,34,36
141345,61,16,38,31
141468,48,14,35,28
141502,38,18,21,22
141749,41,18,24,19
141757,52,10,27,26
142033,84,19,53,43
142096,55,11,27,25
142888,54,20,36,26
142988,69,29,30,35
143069,47,9,26,31
143074,62,19,40,24
143440,38,16,21,23
144769,49,13,22,19
145908,59,14,30,30
145973,34,8,23,19
146353,75,16,36,36
146476,54,13,36,32
148052,51,8,28,26
148163,56,8,26,30
148486,45,12,34,27
148940,39,14,23,24
149434,59,11,40,24
150946,66,18,43,33
151566,58,18,29,29
151909,35,8,21,17
153094,83,16,54,41
153657,41,8,27,23
154565,61,14,36,30
154621,39,11,19,18
154810,55,14,32,28
154936,36,16,30,34
