chr21	14086279	14087079	2
chr21	14115679	14115879	2
chr21	14116079	14116279	2
chr21	14216279	14216679	2
chr21	14380679	14381479	2
chr21	14384279	14384679	2
chr21	14452679	14455279	2
chr21	14521079	14521279	2
chr21	14522879	14524279	2
chr21	14524479	14524679	2
chr21	14526279	14527679	2
chr21	14528279	14528879	2
chr21	14533479	14534079	2
chr21	14534279	14534479	2
chr21	14534679	14535479	2
chr21	14547079	14548879	2
chr21	14556679	14558079	2
chr21	14567079	14568279	2
chr21	14572279	14572679	2
chr21	14602279	14603079	2
chr21	14675679	14677079	2
chr21	14683079	14683479	2
chr21	14685079	14688879	2
chr21	14723079	14723479	2
chr21	14737279	14737679	2
chr21	14761879	14762279	2
chr21	14762879	14763079	2
chr21	14763279	14764279	2
chr21	14825679	14825879	2
chr21	14826079	14826279	2
chr21	14864479	14864679	2
chr21	14864879	14865079	2
chr21	14869879	14871279	2
chr21	14877479	14877879	2
chr21	14878279	14878479	2
chr21	15001879	15002279	2
chr21	15050479	15050679	2
chr21	15050879	15052079	2
chr21	15054679	15054879	2
chr21	15056679	15057079	2
chr21	15057479	15057679	2
chr21	15057879	15058279	2
chr21	15060279	15060479	2
chr21	15206880	15207280	2
chr21	15513681	15513881	2
chr21	15514081	15514881	2
chr21	15733281	15733481	2
chr21	15733881	15734681	2
chr21	15738281	15738481	2
chr21	15870681	15871081	2
chr21	16197280	16197480	2
chr21	17427881	17428081	2
chr21	17606282	17606482	2
chr21	17608882	17609082	2
chr21	17610682	17611282	2
chr21	17613082	17613482	2
chr21	17699682	17699882	2
chr21	17775683	17775883	2
chr21	17776083	17776283	2
chr21	17777083	17777683	2
chr21	17779883	17784683	2
chr21	17785083	17785483	2
chr21	17788683	17789083	2
chr21	17789283	17789483	2
chr21	17789683	17790283	2
chr21	17790483	17790683	2
chr21	17820283	17821283	2
chr21	17834883	17835483	2
chr21	17847683	17848883	2
chr21	24955486	24955686	2
chr21	24955886	24956086	2
chr21	24994888	24995088	2
chr21	24995288	24995488	2
chr21	25039487	25039887	2
chr21	25040087	25040487	2
chr21	25176886	25177486	2
chr21	25188286	25189086	2
chr21	25298286	25300086	2
chr21	25301086	25301286	2
chr21	25301486	25301686	2
chr21	25395288	25395488	2
chr21	25396088	25397088	2
chr21	25416488	25418488	2
chr21	25418888	25419088	2
chr21	25419488	25421088	2
chr21	25421288	25421488	2
chr21	25422088	25422488	2
chr21	25424488	25425088	2
chr21	25425488	25426888	2
chr21	25427488	25429088	2
chr21	25456288	25457288	2
chr21	25457888	25458888	2
chr21	25459488	25460288	2
chr21	25461688	25462288	2
chr21	25462688	25465488	2
chr21	25485088	25485288	2
chr21	25485688	25487688	2
chr21	25489488	25489688	2
chr21	25489888	25490288	2
chr21	25490688	25490888	2
chr21	25491088	25491288	2
chr21	25494488	25495088	2
chr21	25506088	25506688	2
chr21	25507688	25509288	2
chr21	25510288	25511288	2
chr21	25512088	25512488	2
chr21	25550688	25551088	2
chr21	25559888	25560888	2
chr21	25561088	25561288	2
chr21	25570288	25571088	2
chr21	25573088	25573888	2
chr21	25606288	25606688	2
chr21	25608688	25608888	2
chr21	25638488	25639088	2
chr21	25640888	25641088	2
chr21	25732089	25732289	2
chr21	25733089	25733289	2
chr21	25733489	25734089	2
chr21	25736689	25736889	2
chr21	25737089	25740289	2
chr21	25790289	25790689	2
chr21	25967487	25967887	2
chr21	26070284	26070884	2
chr21	26071284	26071484	2
chr21	26117483	26117683	2
chr21	26117883	26118083	2
chr21	26136482	26138082	2
chr21	26171082	26171482	2
chr21	28745278	28745678	2
chr21	28883878	28884278	2
chr21	28953478	28953878	2
chr21	28993279	28993679	2
chr21	29017679	29018079	2
chr21	29019879	29020079	2
chr21	29024079	29024279	2
chr21	29025879	29026279	2
chr21	29071479	29072079	2
chr21	29072279	29072479	2
chr21	29078879	29080879	2
chr21	29104479	29104879	2
chr21	29117279	29117879	2
chr21	29121679	29122679	2
chr21	29124479	29126079	2
chr21	29181879	29182079	2
chr21	29196079	29196279	2
chr21	29196479	29196679	2
chr21	29196879	29197279	2
chr21	29208679	29208879	2
chr21	29209079	29209279	2
chr21	29231079	29231479	2
chr21	29232879	29234679	2
chr21	29235279	29237879	2
chr21	29238279	29239279	2
chr21	29245279	29245679	2
chr21	29297679	29298479	2
chr21	29301879	29302879	2
chr21	29303479	29303879	2
chr21	29304479	29304879	2
chr21	29305079	29305279	2
chr21	29305479	29305879	2
chr21	29308079	29308479	2
chr21	29341679	29342279	2
chr21	29347079	29348679	2
chr21	29639080	29640080	2
chr21	29640480	29640680	2
chr21	31041481	31042281	2
chr21	31103282	31103682	2
chr21	31132682	31132882	2
chr21	31133082	31133482	2
chr21	31195284	31195484	2
chr21	31196084	31196284	2
chr21	31326285	31326885	2
chr21	31647887	31648287	2
chr21	31658887	31659087	2
chr21	31662087	31662687	2
chr21	31714087	31715087	2
chr21	31724487	31725887	2
chr21	31728887	31729687	2
chr21	31732487	31734087	2
chr21	31772487	31773687	2
chr21	32015487	32016087	2
chr21	32135289	32136489	2
chr21	32240488	32241088	2
chr21	32241288	32241688	2
chr21	32277689	32278289	2
chr21	32279689	32280089	2
chr21	32391491	32391891	2
chr21	32393491	32393891	2
chr21	32569290	32569490	2
chr21	32569690	32570090	2
chr21	32610690	32610890	2
chr21	32650690	32651090	2
chr21	32651290	32651490	2
chr21	32711690	32712490	2
chr21	32726289	32726689	2
chr21	32728489	32728889	2
chr21	32765489	32765689	2
chr21	32766689	32766889	2
chr21	32767289	32767489	2
chr21	32769289	32769689	2
chr21	32929492	32930092	2
chr21	32931692	32931892	2
chr21	32932092	32932292	2
chr21	33078694	33079694	2
chr21	33204895	33205895	2
chr21	33214895	33217095	2
chr21	33229295	33229695	2
chr21	33232295	33232495	2
chr21	33232695	33233295	2
chr21	33233495	33233695	2
chr21	33234095	33234495	2
chr21	33237895	33238495	2
chr21	33239095	33239495	2
chr21	33240295	33240495	2
chr21	33265495	33266295	2
chr21	33267695	33269495	2
chr21	33269895	33270295	2
chr21	33299095	33299495	2
chr21	33308095	33309895	2
chr21	33326495	33327295	2
chr21	33327495	33327695	2
chr21	33329094	33330094	2
chr21	33330494	33330894	2
chr21	33339094	33340294	2
chr21	33360694	33361494	2
chr21	33361894	33362694	2
chr21	33374294	33374694	2
chr21	33379894	33380094	2
chr21	33380494	33381294	2
chr21	33382294	33383894	2
chr21	33384494	33385294	2
chr21	33402294	33402894	2
chr21	33404894	33405094	2
chr21	33405294	33406294	2
chr21	33407494	33407694	2
chr21	33413094	33413694	2
chr21	33434093	33434893	2
chr21	33435293	33435493	2
chr21	33480893	33481293	2
chr21	33490893	33491293	2
chr21	33540094	33540294	2
chr21	33588894	33589494	2
chr21	33640494	33641094	2
chr21	33916096	33916496	2
chr21	33932096	33932696	2
chr21	33937896	33938096	2
chr21	33938496	33938696	2
chr21	33947296	33950497	2
chr21	33951297	33952297	2
chr21	33975299	33977699	2
chr21	34017099	34022099	2
chr21	34022699	34023099	2
chr21	34030099	34030499	2
chr21	34031699	34032299	2
chr21	34046700	34047100	2
chr21	34072700	34073100	2
chr21	34075900	34076300	2
chr21	34076700	34077700	2
chr21	34078300	34078500	2
chr21	34078700	34078900	2
chr21	34079100	34079300	2
chr21	34081900	34083101	2
chr21	34202299	34202699	2
chr21	34205899	34206299	2
chr21	34374901	34375301	2
chr21	34376101	34376901	2
chr21	34383702	34384502	2
chr21	34417502	34417902	2
chr21	34526302	34526502	2
chr21	34526902	34527502	2
chr21	34544302	34546302	2
chr21	34612301	34613301	2
chr21	34613501	34613701	2
chr21	34613901	34614301	2
chr21	34615501	34615901	2
chr21	34639101	34639301	2
chr21	34639501	34642901	2
chr21	34671701	34672301	2
chr21	34672701	34673701	2
chr21	34674901	34675301	2
chr21	34677501	34677901	2
chr21	34694901	34696101	2
chr21	34707702	34707902	2
chr21	34745503	34746303	2
chr21	34844303	34846103	2
chr21	34864703	34866703	2
chr21	34874703	34875703	2
chr21	34882903	34884103	2
chr21	34885903	34886303	2
chr21	34887503	34887703	2
chr21	34887903	34888503	2
chr21	34890303	34890503	2
chr21	34933703	34934703	2
chr21	34973703	34974903	2
chr21	34975503	34975703	2
chr21	34986103	34988103	2
chr21	35026103	35026703	2
chr21	35027103	35028103	2
chr21	35042903	35048903	2
chr21	35049503	35051703	2
chr21	35189303	35189503	2
chr21	35189703	35190503	2
chr21	35205103	35205503	2
chr21	35205903	35206103	2
chr21	35206303	35206503	2
chr21	35222303	35223103	2
chr21	35226903	35228303	2
chr21	35234303	35235103	2
chr21	35321902	35322302	2
chr21	35342702	35343702	2
chr21	35438702	35439102	2
chr21	35528302	35529702	2
chr21	35895702	35896502	2
chr21	35932302	35932502	2
chr21	35932702	35932902	2
chr21	36061102	36061302	2
chr21	36069302	36069902	2
chr21	36070102	36071302	2
chr21	36077102	36077902	2
chr21	36112702	36112902	2
chr21	36113102	36114102	2
chr21	36130702	36130902	2
chr21	36134902	36135502	2
chr21	36136502	36136702	2
chr21	36150102	36150702	2
chr21	36155902	36156302	2
chr21	36157302	36157902	2
chr21	36254302	36254902	2
chr21	36260302	36260502	2
chr21	36260702	36261102	2
chr21	36288702	36290302	2
chr21	36297702	36298702	2
chr21	36319702	36320102	2
chr21	36321902	36322102	2
chr21	36322302	36323502	2
chr21	36385902	36386702	2
chr21	36429902	36430702	2
chr21	36478502	36478902	2
chr21	36504502	36505102	2
chr21	36510902	36511902	2
chr21	36515102	36515302	2
chr21	36516102	36516702	2
chr21	36517502	36517702	2
chr21	36517902	36518102	2
chr21	36518702	36519102	2
chr21	36535702	36536502	2
chr21	36538102	36538302	2
chr21	36538702	36539102	2
chr21	36539502	36540502	2
chr21	36542302	36543302	2
chr21	36964500	36966100	2
chr21	36967300	36967700	2
chr21	36977100	36977900	2
chr21	36980300	36981300	2
chr21	36989500	36989700	2
chr21	36990500	36990700	2
chr21	37009700	37010100	2
chr21	37070500	37070700	2
chr21	37071100	37072100	2
chr21	37075500	37075700	2
chr21	37077300	37077700	2
chr21	37078900	37079100	2
chr21	37207099	37208899	2
chr21	37219899	37220899	2
chr21	37221299	37221899	2
chr21	37256499	37256699	2
chr21	37256899	37257699	2
chr21	37257899	37258099	2
chr21	37258699	37259099	2
chr21	37265499	37265899	2
chr21	37266099	37266299	2
chr21	37273899	37274499	2
chr21	37364898	37365498	2
chr21	37369298	37370098	2
chr21	37370298	37370498	2
chr21	37371898	37373098	2
chr21	37373298	37373498	2
chr21	37374098	37374498	2
chr21	37382898	37383298	2
chr21	37405698	37406098	2
chr21	37407098	37408498	2
chr21	37410098	37410298	2
chr21	37411698	37411898	2
chr21	37412298	37413098	2
chr21	37413498	37416298	2
chr21	37460898	37461098	2
chr21	37461298	37461498	2
chr21	37461698	37461898	2
chr21	37462298	37462498	2
chr21	37557298	37557498	2
chr21	37557698	37557898	2
chr21	37563098	37563698	2
chr21	37564098	37565098	2
chr21	37630898	37632298	2
chr21	38244078	38245078	2
chr21	38268078	38268278	2
chr21	38268678	38269678	2
chr21	38734076	38734476	2
chr21	38766876	38767276	2
chr21	38767676	38769076	2
chr21	38780876	38781276	2
chr21	38787676	38788276	2
chr21	38804876	38805676	2
chr21	38807876	38808276	2
chr21	38831476	38831876	2
chr21	39180874	39181274	2
chr21	39181674	39181874	2
chr21	39185074	39185274	2
chr21	39185474	39187274	2
chr21	39187674	39189074	2
chr21	39311874	39312274	2
chr21	39314474	39315074	2
chr21	39350274	39350874	2
chr21	39373674	39374274	2
chr21	39379674	39380074	2
chr21	39381074	39381474	2
chr21	39386274	39386674	2
chr21	39387274	39387474	2
chr21	39388274	39389074	2
chr21	39444674	39445274	2
chr21	39445874	39446074	2
chr21	39446274	39446674	2
chr21	41361473	41362473	2
chr21	41363273	41365273	2
chr21	41366073	41369673	2
chr21	41370073	41370673	2
chr21	41370873	41371073	2
chr21	41371273	41371873	2
chr21	41372873	41373073	2
chr21	41419873	41420273	2
chr21	41420673	41420873	2
chr21	41425473	41425873	2
chr21	41482873	41483273	2
chr21	41545873	41546073	2
chr21	41559473	41560473	2
chr21	41570873	41571473	2
chr21	41833291	41834291	2
chr21	41861291	41863891	2
chr21	41864091	41866291	2
chr21	41868091	41869291	2
chr21	41873291	41873491	2
chr21	41876091	41877091	2
chr21	41880291	41880691	2
chr21	41921091	41921291	2
chr21	41921691	41922491	2
chr21	41922691	41922891	2
chr21	41923491	41924491	2
chr21	41924891	41926291	2
chr21	41926891	41927091	2
chr21	41928291	41929891	2
chr21	41950691	41950891	2
chr21	41951891	41952891	2
chr21	41954291	41955891	2
chr21	42002091	42003491	2
chr21	42004691	42005091	2
chr21	42006691	42006891	2
chr21	42008691	42009291	2
chr21	42061291	42062491	2
chr21	42062891	42064491	2
chr21	42066691	42066891	2
chr21	42078691	42079291	2
chr21	42107690	42108690	2
chr21	42117290	42117690	2
chr21	42119090	42119490	2
chr21	42129890	42130290	2
chr21	42187690	42189090	2
chr21	42219890	42220890	2
chr21	42228290	42228690	2
chr21	42232290	42233890	2
chr21	42234290	42235490	2
chr21	42237490	42239090	2
chr21	42248890	42249690	2
chr21	42285890	42287290	2
chr21	42389291	42390291	2
chr21	42392091	42393891	2
chr21	42400291	42400891	2
chr21	42414891	42416091	2
chr21	42420891	42421691	2
chr21	42422091	42423891	2
chr21	42424291	42426091	2
chr21	42439890	42440090	2
chr21	42440290	42440490	2
chr21	42460490	42461490	2
chr21	42464890	42466090	2
chr21	42468690	42469690	2
chr21	42474490	42474690	2
chr21	42474890	42475090	2
chr21	42478090	42479090	2
chr21	42495490	42496090	2
chr21	42496690	42497290	2
chr21	42503490	42504090	2
chr21	42504690	42505490	2
chr21	42513290	42513490	2
chr21	42515490	42515690	2
chr21	42516090	42516490	2
chr21	42524090	42524490	2
chr21	42524890	42526090	2
chr21	42527290	42528690	2
chr21	42532490	42533090	2
chr21	42534690	42535690	2
chr21	42556890	42557090	2
chr21	42658690	42658890	2
chr21	42880090	42880690	2
chr21	42892490	42892890	2
chr21	42973490	42974090	2
chr21	42976090	42976890	2
chr21	42986490	42986690	2
chr21	42986890	42987090	2
chr21	43074490	43074690	2
chr21	43086090	43086290	2
chr21	43086690	43087090	2
chr21	43108090	43108290	2
chr21	43108490	43110290	2
chr21	43110690	43111290	2
chr21	43162090	43163090	2
chr21	43163490	43164490	2
chr21	43164690	43166290	2
chr21	43173090	43173890	2
chr21	43176490	43176690	2
chr21	43176890	43178090	2
chr21	43313320	43313720	2
chr21	43352120	43352520	2
chr21	43352920	43355520	2
chr21	43361120	43362920	2
chr21	43380520	43381520	2
chr21	43399120	43400520	2
chr21	43409320	43410520	2
chr21	43427920	43428320	2
chr21	43430320	43431520	2
chr21	43433320	43433920	2
chr21	43439120	43440320	2
chr21	43510520	43510720	2
chr21	43510920	43511120	2
chr21	43645719	43645919	2
chr21	43646319	43646719	2
chr21	43659119	43659319	2
chr21	43661119	43661319	2
chr21	43667119	43667319	2
chr21	43667519	43667719	2
chr21	43716519	43717519	2
chr21	43718119	43718719	2
chr21	43720119	43722319	2
chr21	43724919	43725119	2
chr21	43725319	43726119	2
chr21	43727919	43728519	2
chr21	43729119	43729319	2
chr21	43729519	43729719	2
chr21	43775119	43775719	2
chr21	43788519	43788719	2
chr21	43790519	43791319	2
chr21	43805319	43805519	2
chr21	43805919	43806519	2
chr21	43810719	43810919	2
chr21	43811119	43811319	2
chr21	43854919	43855319	2
chr21	43863519	43864319	2
chr21	43866719	43867719	2
chr21	43892919	43894119	2
chr21	43916119	43916519	2
chr21	43917319	43919119	2
chr21	43920319	43920719	2
chr21	43921119	43921719	2
chr21	43922119	43922719	2
chr21	43937719	43939119	2
chr21	43939319	43939519	2
chr21	43958119	43958719	2
chr21	44011119	44011519	2
chr21	44014719	44014919	2
chr21	44015119	44015519	2
chr21	44015919	44016119	2
chr21	44017119	44018119	2
chr21	44019319	44019719	2
chr21	44021319	44021919	2
chr21	44025119	44025719	2
chr21	44107919	44108919	2
chr21	44132318	44132518	2
chr21	44134518	44134918	2
chr21	44137718	44138518	2
chr21	44142718	44146918	2
chr21	44152917	44154317	2
chr21	44154717	44155917	2
chr21	44156717	44158317	2
chr21	44158917	44161517	2
chr21	44172517	44172717	2
chr21	44173117	44174317	2
chr21	44174917	44175117	2
chr21	44175517	44177717	2
chr21	44177917	44178117	2
chr21	44206117	44209117	2
chr21	44211717	44212517	2
chr21	44218317	44218517	2
chr21	44218717	44218917	2
chr21	44219717	44220517	2
chr21	44239317	44240317	2
chr21	44243317	44246117	2
chr21	44246517	44246717	2
chr21	44247117	44248517	2
chr21	44297917	44298717	2
chr21	44300917	44302917	2
chr21	44338317	44338517	2
chr21	44340117	44340517	2
chr21	44353317	44354317	2
chr21	44354717	44355917	2
chr21	44790085	44790485	2
chr21	44793285	44793485	2
chr21	44799885	44801085	2
chr21	44802485	44802885	2
chr21	44866085	44866285	2
chr21	44866685	44866885	2
chr21	44867085	44867285	2
chr21	44868085	44868885	2
chr21	44870885	44871285	2
chr21	44871685	44872685	2
chr21	44874685	44876085	2
chr21	44877885	44878085	2
chr21	44878285	44878485	2
chr21	44880885	44881285	2
chr21	44914085	44914485	2
chr21	44918685	44919085	2
chr21	44919485	44919685	2
chr21	44919885	44920285	2
chr21	44920685	44921485	2
chr21	44926285	44927285	2
chr21	44927685	44928885	2
chr21	44929085	44931885	2
chr21	44933285	44933885	2
chr21	44939085	44939285	2
chr21	44941285	44943485	2
chr21	45073685	45073885	2
chr21	45104685	45105085	2
chr21	45105485	45105885	2
chr21	45108885	45109885	2
chr21	45110485	45112085	2
chr21	45122485	45123085	2
chr21	45209485	45210085	2
chr21	45286685	45286885	2
chr21	45439086	45439486	2
chr21	45478286	45478686	2
chr21	45502486	45502886	2
chr21	45541086	45541686	2
chr21	45542886	45544286	2
chr21	45549886	45550886	2
chr21	45551086	45551886	2
chr21	45555686	45556086	2
chr21	45591286	45592286	2
chr21	45592686	45592886	2
chr21	45615086	45615886	2
chr21	45632086	45632886	2
chr21	45634886	45635286	2
chr21	45640286	45641086	2
chr21	45659286	45659486	2
chr21	45972886	45973686	2
chr21	45973886	45974086	2
chr21	46183886	46184286	2
chr21	46184886	46185486	2
chr21	46226086	46226686	2
chr21	46227086	46227686	2
chr21	46229686	46230286	2
chr21	46230686	46230886	2
chr21	46284486	46285286	2
chr21	46287486	46287686	2
chr21	46325486	46326286	2
chr21	46368485	46370085	2
chr21	46456487	46457887	2
chr21	46459887	46460087	2
chr21	46460287	46460687	2
chr21	46500287	46501087	2
chr21	46503887	46505287	2
chr21	46506487	46506687	2
chr21	46506887	46507087	2
chr21	46515087	46515487	2
chr21	46606287	46607087	2
chr21	46607687	46610888	2
chr21	46634688	46634888	2
chr21	46636488	46636888	2
chr21	46638088	46639088	2
chr21	46667088	46667288	2
chr21	46667688	46668288	2
